0.37	-674.623
0.37001	-674.635
0.37002	-674.647
0.37003	-674.659
0.37004	-674.671
0.37005	-674.683
0.37006	-674.695
0.37007	-674.707
0.37008	-674.719
0.37009	-674.731
0.3701	-674.742
0.37011	-674.754
0.37012	-674.766
0.37013	-674.777
0.37014	-674.789
0.37015	-674.8
0.37016	-674.812
0.37017	-674.823
0.37018	-674.835
0.37019	-674.846
0.3702	-674.857
0.37021	-674.869
0.37022	-674.88
0.37023	-674.891
0.37024	-674.902
0.37025	-674.913
0.37026	-674.924
0.37027	-674.935
0.37028	-674.946
0.37029	-674.957
0.3703	-674.968
0.37031	-674.979
0.37032	-674.99
0.37033	-675.001
0.37034	-675.011
0.37035	-675.022
0.37036	-675.033
0.37037	-675.043
0.37038	-675.054
0.37039	-675.065
0.3704	-675.075
0.37041	-675.085
0.37042	-675.096
0.37043	-675.106
0.37044	-675.117
0.37045	-675.127
0.37046	-675.137
0.37047	-675.147
0.37048	-675.157
0.37049	-675.168
0.3705	-675.178
0.37051	-675.188
0.37052	-675.198
0.37053	-675.208
0.37054	-675.218
0.37055	-675.228
0.37056	-675.237
0.37057	-675.247
0.37058	-675.257
0.37059	-675.267
0.3706	-675.276
0.37061	-675.286
0.37062	-675.296
0.37063	-675.305
0.37064	-675.315
0.37065	-675.324
0.37066	-675.334
0.37067	-675.343
0.37068	-675.352
0.37069	-675.362
0.3707	-675.371
0.37071	-675.38
0.37072	-675.389
0.37073	-675.399
0.37074	-675.408
0.37075	-675.417
0.37076	-675.426
0.37077	-675.435
0.37078	-675.444
0.37079	-675.453
0.3708	-675.462
0.37081	-675.47
0.37082	-675.479
0.37083	-675.488
0.37084	-675.497
0.37085	-675.505
0.37086	-675.514
0.37087	-675.523
0.37088	-675.531
0.37089	-675.54
0.3709	-675.548
0.37091	-675.557
0.37092	-675.565
0.37093	-675.573
0.37094	-675.582
0.37095	-675.59
0.37096	-675.598
0.37097	-675.606
0.37098	-675.615
0.37099	-675.623
0.371	-675.631
0.37101	-675.639
0.37102	-675.647
0.37103	-675.655
0.37104	-675.663
0.37105	-675.671
0.37106	-675.678
0.37107	-675.686
0.37108	-675.694
0.37109	-675.702
0.3711	-675.709
0.37111	-675.717
0.37112	-675.725
0.37113	-675.732
0.37114	-675.74
0.37115	-675.747
0.37116	-675.755
0.37117	-675.762
0.37118	-675.77
0.37119	-675.777
0.3712	-675.784
0.37121	-675.791
0.37122	-675.799
0.37123	-675.806
0.37124	-675.813
0.37125	-675.82
0.37126	-675.827
0.37127	-675.834
0.37128	-675.841
0.37129	-675.848
0.3713	-675.855
0.37131	-675.862
0.37132	-675.869
0.37133	-675.876
0.37134	-675.882
0.37135	-675.889
0.37136	-675.896
0.37137	-675.902
0.37138	-675.909
0.37139	-675.916
0.3714	-675.922
0.37141	-675.929
0.37142	-675.935
0.37143	-675.941
0.37144	-675.948
0.37145	-675.954
0.37146	-675.96
0.37147	-675.967
0.37148	-675.973
0.37149	-675.979
0.3715	-675.985
0.37151	-675.991
0.37152	-675.997
0.37153	-676.003
0.37154	-676.009
0.37155	-676.015
0.37156	-676.021
0.37157	-676.027
0.37158	-676.033
0.37159	-676.039
0.3716	-676.044
0.37161	-676.05
0.37162	-676.056
0.37163	-676.061
0.37164	-676.067
0.37165	-676.073
0.37166	-676.078
0.37167	-676.084
0.37168	-676.089
0.37169	-676.094
0.3717	-676.1
0.37171	-676.105
0.37172	-676.11
0.37173	-676.116
0.37174	-676.121
0.37175	-676.126
0.37176	-676.131
0.37177	-676.136
0.37178	-676.141
0.37179	-676.147
0.3718	-676.152
0.37181	-676.156
0.37182	-676.161
0.37183	-676.166
0.37184	-676.171
0.37185	-676.176
0.37186	-676.181
0.37187	-676.185
0.37188	-676.19
0.37189	-676.195
0.3719	-676.199
0.37191	-676.204
0.37192	-676.209
0.37193	-676.213
0.37194	-676.217
0.37195	-676.222
0.37196	-676.226
0.37197	-676.231
0.37198	-676.235
0.37199	-676.239
0.372	-676.244
0.37201	-676.248
0.37202	-676.252
0.37203	-676.256
0.37204	-676.26
0.37205	-676.264
0.37206	-676.268
0.37207	-676.272
0.37208	-676.276
0.37209	-676.28
0.3721	-676.284
0.37211	-676.288
0.37212	-676.292
0.37213	-676.295
0.37214	-676.299
0.37215	-676.303
0.37216	-676.306
0.37217	-676.31
0.37218	-676.314
0.37219	-676.317
0.3722	-676.321
0.37221	-676.324
0.37222	-676.327
0.37223	-676.331
0.37224	-676.334
0.37225	-676.338
0.37226	-676.341
0.37227	-676.344
0.37228	-676.347
0.37229	-676.35
0.3723	-676.354
0.37231	-676.357
0.37232	-676.36
0.37233	-676.363
0.37234	-676.366
0.37235	-676.369
0.37236	-676.372
0.37237	-676.374
0.37238	-676.377
0.37239	-676.38
0.3724	-676.383
0.37241	-676.386
0.37242	-676.388
0.37243	-676.391
0.37244	-676.394
0.37245	-676.396
0.37246	-676.399
0.37247	-676.401
0.37248	-676.404
0.37249	-676.406
0.3725	-676.409
0.37251	-676.411
0.37252	-676.413
0.37253	-676.416
0.37254	-676.418
0.37255	-676.42
0.37256	-676.422
0.37257	-676.424
0.37258	-676.426
0.37259	-676.429
0.3726	-676.431
0.37261	-676.433
0.37262	-676.435
0.37263	-676.436
0.37264	-676.438
0.37265	-676.44
0.37266	-676.442
0.37267	-676.444
0.37268	-676.446
0.37269	-676.447
0.3727	-676.449
0.37271	-676.451
0.37272	-676.452
0.37273	-676.454
0.37274	-676.455
0.37275	-676.457
0.37276	-676.458
0.37277	-676.46
0.37278	-676.461
0.37279	-676.462
0.3728	-676.464
0.37281	-676.465
0.37282	-676.466
0.37283	-676.468
0.37284	-676.469
0.37285	-676.47
0.37286	-676.471
0.37287	-676.472
0.37288	-676.473
0.37289	-676.474
0.3729	-676.475
0.37291	-676.476
0.37292	-676.477
0.37293	-676.478
0.37294	-676.479
0.37295	-676.479
0.37296	-676.48
0.37297	-676.481
0.37298	-676.482
0.37299	-676.482
0.373	-676.483
0.37301	-676.483
0.37302	-676.484
0.37303	-676.484
0.37304	-676.485
0.37305	-676.485
0.37306	-676.486
0.37307	-676.486
0.37308	-676.486
0.37309	-676.487
0.3731	-676.487
0.37311	-676.487
0.37312	-676.487
0.37313	-676.488
0.37314	-676.488
0.37315	-676.488
0.37316	-676.488
0.37317	-676.488
0.37318	-676.488
0.37319	-676.488
0.3732	-676.488
0.37321	-676.487
0.37322	-676.487
0.37323	-676.487
0.37324	-676.487
0.37325	-676.487
0.37326	-676.486
0.37327	-676.486
0.37328	-676.486
0.37329	-676.485
0.3733	-676.485
0.37331	-676.484
0.37332	-676.484
0.37333	-676.483
0.37334	-676.483
0.37335	-676.482
0.37336	-676.481
0.37337	-676.481
0.37338	-676.48
0.37339	-676.479
0.3734	-676.478
0.37341	-676.478
0.37342	-676.477
0.37343	-676.476
0.37344	-676.475
0.37345	-676.474
0.37346	-676.473
0.37347	-676.472
0.37348	-676.471
0.37349	-676.47
0.3735	-676.469
0.37351	-676.468
0.37352	-676.466
0.37353	-676.465
0.37354	-676.464
0.37355	-676.463
0.37356	-676.461
0.37357	-676.46
0.37358	-676.458
0.37359	-676.457
0.3736	-676.456
0.37361	-676.454
0.37362	-676.452
0.37363	-676.451
0.37364	-676.449
0.37365	-676.448
0.37366	-676.446
0.37367	-676.444
0.37368	-676.443
0.37369	-676.441
0.3737	-676.439
0.37371	-676.437
0.37372	-676.435
0.37373	-676.433
0.37374	-676.431
0.37375	-676.429
0.37376	-676.427
0.37377	-676.425
0.37378	-676.423
0.37379	-676.421
0.3738	-676.419
0.37381	-676.417
0.37382	-676.415
0.37383	-676.412
0.37384	-676.41
0.37385	-676.408
0.37386	-676.405
0.37387	-676.403
0.37388	-676.401
0.37389	-676.398
0.3739	-676.396
0.37391	-676.393
0.37392	-676.39
0.37393	-676.388
0.37394	-676.385
0.37395	-676.383
0.37396	-676.38
0.37397	-676.377
0.37398	-676.374
0.37399	-676.372
0.374	-676.369
0.37401	-676.366
0.37402	-676.363
0.37403	-676.36
0.37404	-676.357
0.37405	-676.354
0.37406	-676.351
0.37407	-676.348
0.37408	-676.345
0.37409	-676.342
0.3741	-676.339
0.37411	-676.336
0.37412	-676.332
0.37413	-676.329
0.37414	-676.326
0.37415	-676.322
0.37416	-676.319
0.37417	-676.316
0.37418	-676.312
0.37419	-676.309
0.3742	-676.305
0.37421	-676.302
0.37422	-676.298
0.37423	-676.295
0.37424	-676.291
0.37425	-676.287
0.37426	-676.284
0.37427	-676.28
0.37428	-676.276
0.37429	-676.273
0.3743	-676.269
0.37431	-676.265
0.37432	-676.261
0.37433	-676.257
0.37434	-676.253
0.37435	-676.249
0.37436	-676.245
0.37437	-676.241
0.37438	-676.237
0.37439	-676.233
0.3744	-676.229
0.37441	-676.225
0.37442	-676.22
0.37443	-676.216
0.37444	-676.212
0.37445	-676.208
0.37446	-676.203
0.37447	-676.199
0.37448	-676.194
0.37449	-676.19
0.3745	-676.186
0.37451	-676.181
0.37452	-676.176
0.37453	-676.172
0.37454	-676.167
0.37455	-676.163
0.37456	-676.158
0.37457	-676.153
0.37458	-676.149
0.37459	-676.144
0.3746	-676.139
0.37461	-676.134
0.37462	-676.129
0.37463	-676.124
0.37464	-676.12
0.37465	-676.115
0.37466	-676.11
0.37467	-676.105
0.37468	-676.1
0.37469	-676.094
0.3747	-676.089
0.37471	-676.084
0.37472	-676.079
0.37473	-676.074
0.37474	-676.069
0.37475	-676.063
0.37476	-676.058
0.37477	-676.053
0.37478	-676.047
0.37479	-676.042
0.3748	-676.036
0.37481	-676.031
0.37482	-676.025
0.37483	-676.02
0.37484	-676.014
0.37485	-676.009
0.37486	-676.003
0.37487	-675.998
0.37488	-675.992
0.37489	-675.986
0.3749	-675.98
0.37491	-675.975
0.37492	-675.969
0.37493	-675.963
0.37494	-675.957
0.37495	-675.951
0.37496	-675.945
0.37497	-675.939
0.37498	-675.933
0.37499	-675.927
0.375	-675.921
0.37501	-675.915
0.37502	-675.909
0.37503	-675.903
0.37504	-675.897
0.37505	-675.89
0.37506	-675.884
0.37507	-675.878
0.37508	-675.871
0.37509	-675.865
0.3751	-675.859
0.37511	-675.852
0.37512	-675.846
0.37513	-675.839
0.37514	-675.833
0.37515	-675.826
0.37516	-675.82
0.37517	-675.813
0.37518	-675.806
0.37519	-675.8
0.3752	-675.793
0.37521	-675.786
0.37522	-675.78
0.37523	-675.773
0.37524	-675.766
0.37525	-675.759
0.37526	-675.752
0.37527	-675.745
0.37528	-675.738
0.37529	-675.731
0.3753	-675.724
0.37531	-675.717
0.37532	-675.71
0.37533	-675.703
0.37534	-675.696
0.37535	-675.689
0.37536	-675.682
0.37537	-675.675
0.37538	-675.667
0.37539	-675.66
0.3754	-675.653
0.37541	-675.645
0.37542	-675.638
0.37543	-675.631
0.37544	-675.623
0.37545	-675.616
0.37546	-675.608
0.37547	-675.601
0.37548	-675.593
0.37549	-675.585
0.3755	-675.578
0.37551	-675.57
0.37552	-675.563
0.37553	-675.555
0.37554	-675.547
0.37555	-675.539
0.37556	-675.531
0.37557	-675.524
0.37558	-675.516
0.37559	-675.508
0.3756	-675.5
0.37561	-675.492
0.37562	-675.484
0.37563	-675.476
0.37564	-675.468
0.37565	-675.46
0.37566	-675.452
0.37567	-675.444
0.37568	-675.435
0.37569	-675.427
0.3757	-675.419
0.37571	-675.411
0.37572	-675.402
0.37573	-675.394
0.37574	-675.386
0.37575	-675.377
0.37576	-675.369
0.37577	-675.361
0.37578	-675.352
0.37579	-675.344
0.3758	-675.335
0.37581	-675.326
0.37582	-675.318
0.37583	-675.309
0.37584	-675.301
0.37585	-675.292
0.37586	-675.283
0.37587	-675.274
0.37588	-675.266
0.37589	-675.257
0.3759	-675.248
0.37591	-675.239
0.37592	-675.23
0.37593	-675.221
0.37594	-675.212
0.37595	-675.203
0.37596	-675.194
0.37597	-675.185
0.37598	-675.176
0.37599	-675.167
0.376	-675.158
0.37601	-675.149
0.37602	-675.14
0.37603	-675.13
0.37604	-675.121
0.37605	-675.112
0.37606	-675.103
0.37607	-675.093
0.37608	-675.084
0.37609	-675.075
0.3761	-675.065
0.37611	-675.056
0.37612	-675.046
0.37613	-675.037
0.37614	-675.027
0.37615	-675.017
0.37616	-675.008
0.37617	-674.998
0.37618	-674.989
0.37619	-674.979
0.3762	-674.969
0.37621	-674.959
0.37622	-674.95
0.37623	-674.94
0.37624	-674.93
0.37625	-674.92
0.37626	-674.91
0.37627	-674.9
0.37628	-674.89
0.37629	-674.88
0.3763	-674.87
0.37631	-674.86
0.37632	-674.85
0.37633	-674.84
0.37634	-674.83
0.37635	-674.82
0.37636	-674.81
0.37637	-674.799
0.37638	-674.789
0.37639	-674.779
0.3764	-674.769
0.37641	-674.758
0.37642	-674.748
0.37643	-674.737
0.37644	-674.727
0.37645	-674.717
0.37646	-674.706
0.37647	-674.696
0.37648	-674.685
0.37649	-674.674
0.3765	-674.664
0.37651	-674.653
0.37652	-674.643
0.37653	-674.632
0.37654	-674.621
0.37655	-674.61
0.37656	-674.6
0.37657	-674.589
0.37658	-674.578
0.37659	-674.567
0.3766	-674.556
0.37661	-674.545
0.37662	-674.534
0.37663	-674.523
0.37664	-674.512
0.37665	-674.501
0.37666	-674.49
0.37667	-674.479
0.37668	-674.468
0.37669	-674.457
0.3767	-674.446
0.37671	-674.435
0.37672	-674.423
0.37673	-674.412
0.37674	-674.401
0.37675	-674.389
0.37676	-674.378
0.37677	-674.367
0.37678	-674.355
0.37679	-674.344
0.3768	-674.332
0.37681	-674.321
0.37682	-674.309
0.37683	-674.298
0.37684	-674.286
0.37685	-674.275
0.37686	-674.263
0.37687	-674.251
0.37688	-674.24
0.37689	-674.228
0.3769	-674.216
0.37691	-674.205
0.37692	-674.193
0.37693	-674.181
0.37694	-674.169
0.37695	-674.157
0.37696	-674.145
0.37697	-674.133
0.37698	-674.121
0.37699	-674.109
0.377	-674.097
0.37701	-674.085
0.37702	-674.073
0.37703	-674.061
0.37704	-674.049
0.37705	-674.037
0.37706	-674.025
0.37707	-674.012
0.37708	-674
0.37709	-673.988
0.3771	-673.976
0.37711	-673.963
0.37712	-673.951
0.37713	-673.938
0.37714	-673.926
0.37715	-673.914
0.37716	-673.901
0.37717	-673.889
0.37718	-673.876
0.37719	-673.864
0.3772	-673.851
0.37721	-673.838
0.37722	-673.826
0.37723	-673.813
0.37724	-673.8
0.37725	-673.788
0.37726	-673.775
0.37727	-673.762
0.37728	-673.749
0.37729	-673.736
0.3773	-673.724
0.37731	-673.711
0.37732	-673.698
0.37733	-673.685
0.37734	-673.672
0.37735	-673.659
0.37736	-673.646
0.37737	-673.633
0.37738	-673.62
0.37739	-673.607
0.3774	-673.593
0.37741	-673.58
0.37742	-673.567
0.37743	-673.554
0.37744	-673.541
0.37745	-673.527
0.37746	-673.514
0.37747	-673.501
0.37748	-673.487
0.37749	-673.474
0.3775	-673.461
0.37751	-673.447
0.37752	-673.434
0.37753	-673.42
0.37754	-673.407
0.37755	-673.393
0.37756	-673.38
0.37757	-673.366
0.37758	-673.352
0.37759	-673.339
0.3776	-673.325
0.37761	-673.311
0.37762	-673.298
0.37763	-673.284
0.37764	-673.27
0.37765	-673.256
0.37766	-673.242
0.37767	-673.228
0.37768	-673.215
0.37769	-673.201
0.3777	-673.187
0.37771	-673.173
0.37772	-673.159
0.37773	-673.145
0.37774	-673.131
0.37775	-673.117
0.37776	-673.102
0.37777	-673.088
0.37778	-673.074
0.37779	-673.06
0.3778	-673.046
0.37781	-673.031
0.37782	-673.017
0.37783	-673.003
0.37784	-672.989
0.37785	-672.974
0.37786	-672.96
0.37787	-672.945
0.37788	-672.931
0.37789	-672.917
0.3779	-672.902
0.37791	-672.888
0.37792	-672.873
0.37793	-672.858
0.37794	-672.844
0.37795	-672.829
0.37796	-672.815
0.37797	-672.8
0.37798	-672.785
0.37799	-672.77
0.378	-672.756
0.37801	-672.741
0.37802	-672.726
0.37803	-672.711
0.37804	-672.696
0.37805	-672.682
0.37806	-672.667
0.37807	-672.652
0.37808	-672.637
0.37809	-672.622
0.3781	-672.607
0.37811	-672.592
0.37812	-672.577
0.37813	-672.561
0.37814	-672.546
0.37815	-672.531
0.37816	-672.516
0.37817	-672.501
0.37818	-672.486
0.37819	-672.47
0.3782	-672.455
0.37821	-672.44
0.37822	-672.424
0.37823	-672.409
0.37824	-672.394
0.37825	-672.378
0.37826	-672.363
0.37827	-672.347
0.37828	-672.332
0.37829	-672.316
0.3783	-672.301
0.37831	-672.285
0.37832	-672.27
0.37833	-672.254
0.37834	-672.238
0.37835	-672.223
0.37836	-672.207
0.37837	-672.191
0.37838	-672.176
0.37839	-672.16
0.3784	-672.144
0.37841	-672.128
0.37842	-672.112
0.37843	-672.096
0.37844	-672.081
0.37845	-672.065
0.37846	-672.049
0.37847	-672.033
0.37848	-672.017
0.37849	-672.001
0.3785	-671.985
0.37851	-671.969
0.37852	-671.952
0.37853	-671.936
0.37854	-671.92
0.37855	-671.904
0.37856	-671.888
0.37857	-671.871
0.37858	-671.855
0.37859	-671.839
0.3786	-671.823
0.37861	-671.806
0.37862	-671.79
0.37863	-671.773
0.37864	-671.757
0.37865	-671.741
0.37866	-671.724
0.37867	-671.708
0.37868	-671.691
0.37869	-671.675
0.3787	-671.658
0.37871	-671.641
0.37872	-671.625
0.37873	-671.608
0.37874	-671.592
0.37875	-671.575
0.37876	-671.558
0.37877	-671.541
0.37878	-671.525
0.37879	-671.508
0.3788	-671.491
0.37881	-671.474
0.37882	-671.457
0.37883	-671.44
0.37884	-671.423
0.37885	-671.406
0.37886	-671.389
0.37887	-671.372
0.37888	-671.355
0.37889	-671.338
0.3789	-671.321
0.37891	-671.304
0.37892	-671.287
0.37893	-671.27
0.37894	-671.253
0.37895	-671.236
0.37896	-671.218
0.37897	-671.201
0.37898	-671.184
0.37899	-671.167
0.379	-671.149
0.37901	-671.132
0.37902	-671.114
0.37903	-671.097
0.37904	-671.08
0.37905	-671.062
0.37906	-671.045
0.37907	-671.027
0.37908	-671.01
0.37909	-670.992
0.3791	-670.975
0.37911	-670.957
0.37912	-670.939
0.37913	-670.922
0.37914	-670.904
0.37915	-670.886
0.37916	-670.869
0.37917	-670.851
0.37918	-670.833
0.37919	-670.815
0.3792	-670.798
0.37921	-670.78
0.37922	-670.762
0.37923	-670.744
0.37924	-670.726
0.37925	-670.708
0.37926	-670.69
0.37927	-670.672
0.37928	-670.654
0.37929	-670.636
0.3793	-670.618
0.37931	-670.6
0.37932	-670.582
0.37933	-670.564
0.37934	-670.545
0.37935	-670.527
0.37936	-670.509
0.37937	-670.491
0.37938	-670.473
0.37939	-670.454
0.3794	-670.436
0.37941	-670.418
0.37942	-670.399
0.37943	-670.381
0.37944	-670.362
0.37945	-670.344
0.37946	-670.326
0.37947	-670.307
0.37948	-670.289
0.37949	-670.27
0.3795	-670.251
0.37951	-670.233
0.37952	-670.214
0.37953	-670.196
0.37954	-670.177
0.37955	-670.158
0.37956	-670.14
0.37957	-670.121
0.37958	-670.102
0.37959	-670.083
0.3796	-670.065
0.37961	-670.046
0.37962	-670.027
0.37963	-670.008
0.37964	-669.989
0.37965	-669.97
0.37966	-669.951
0.37967	-669.932
0.37968	-669.913
0.37969	-669.894
0.3797	-669.875
0.37971	-669.856
0.37972	-669.837
0.37973	-669.818
0.37974	-669.799
0.37975	-669.78
0.37976	-669.761
0.37977	-669.741
0.37978	-669.722
0.37979	-669.703
0.3798	-669.684
0.37981	-669.664
0.37982	-669.645
0.37983	-669.626
0.37984	-669.606
0.37985	-669.587
0.37986	-669.568
0.37987	-669.548
0.37988	-669.529
0.37989	-669.509
0.3799	-669.49
0.37991	-669.47
0.37992	-669.451
0.37993	-669.431
0.37994	-669.411
0.37995	-669.392
0.37996	-669.372
0.37997	-669.352
0.37998	-669.333
0.37999	-669.313
